50
16.0
23.0
22.0
8.0
13.0
28.0
29.0
10.0
5.0
28.0
11.0
13.0
1.0
4.0
3.0
17.0
20.0
14.0
4.0
27.0
28.0
18.0
15.0
26.0
28.0
4.0
20.0
25.0
5.0
0.0
8.0
24.0
21.0
19.0
10.0
23.0
28.0
1.0
7.0
13.0
8.0
15.0
15.0
1.0
10.0
0.0
24.0
0.0
10.0
27.0
0 0 11.291364
0 1 2.972624
0 2 8.977039
0 3 5.075029
0 4 3.864774
0 5 0.513595
0 6 2.680687
0 7 8.547574
0 8 1.848219
0 9 17.670181
0 10 0.766744
0 11 14.596006
0 12 3.421851
0 13 0.218872
0 14 11.965862
0 15 3.953084
0 16 0.000000
0 17 5.133308
0 18 0.748240
0 19 2.738400
0 20 1.271666
0 21 5.255868
0 22 3.496774
0 23 3.802910
0 24 4.481529
0 25 1.729628
0 26 0.213231
0 27 3.326594
0 28 9.041004
0 29 2.131089
0 30 2.056034
0 31 0.095082
0 32 6.708370
0 33 2.111681
0 34 0.000000
0 35 4.153268
0 36 14.328636
0 37 6.465414
0 38 17.760048
0 39 17.465078
0 40 17.551896
0 41 3.422171
0 42 14.490712
0 43 12.562915
0 44 1.067833
0 45 3.450869
0 46 2.556874
0 47 5.041728
0 48 24.981851
0 49 0.436893
1 0 5.032086
1 1 0.280854
1 2 16.445717
1 3 10.670429
1 4 5.962366
1 5 4.080154
1 6 8.209692
1 7 20.909378
1 8 1.951579
1 9 16.316313
1 10 2.798812
1 11 7.275071
1 12 0.401517
1 13 21.906945
1 14 12.503187
1 15 3.737816
1 16 5.619230
1 17 0.133183
1 18 25.687469
1 19 4.050142
1 20 4.927134
1 21 6.958841
1 22 3.123625
1 23 3.015472
1 24 1.315127
1 25 5.270957
1 26 2.319915
1 27 5.666518
1 28 13.381958
1 29 4.252573
1 30 7.113718
1 31 6.260468
1 32 18.616150
1 33 0.000000
1 34 0.478312
1 35 19.994423
1 36 3.651465
1 37 5.758592
1 38 21.664703
1 39 0.000000
1 40 9.708477
1 41 2.079321
1 42 0.590784
1 43 3.079367
1 44 9.699878
1 45 16.516385
1 46 1.827154
1 47 22.849278
1 48 16.863506
1 49 12.603922
2 0 4.357814
2 1 8.224028
2 2 0.000000
2 3 1.133031
2 4 0.441449
2 5 0.000000
2 6 7.207574
2 7 1.071867
2 8 15.179837
2 9 6.822817
2 10 10.962193
2 11 0.684269
2 12 5.646969
2 13 19.637875
2 14 17.066559
2 15 0.971607
2 16 1.475182
2 17 3.974200
2 18 3.492883
2 19 23.256296
2 20 7.455810
2 21 0.074917
2 22 0.011204
2 23 4.243229
2 24 13.690192
2 25 7.046932
2 26 16.538203
2 27 2.091820
2 28 8.390836
2 29 1.129859
2 30 0.400558
2 31 0.942761
2 32 6.268063
2 33 7.524664
2 34 5.971129
2 35 3.967717
2 36 13.329315
2 37 0.000000
2 38 0.685646
2 39 2.124940
2 40 0.000000
2 41 6.438732
2 42 5.281879
2 43 1.260923
2 44 10.971730
2 45 13.851921
2 46 4.282629
2 47 0.000000
2 48 2.313698
2 49 14.698349
3 0 8.494291
3 1 0.000000
3 2 15.406299
3 3 1.612245
3 4 20.711538
3 5 4.793316
3 6 0.867042
3 7 0.000000
3 8 16.652514
3 9 2.930508
3 10 0.117567
3 11 2.167231
3 12 7.389351
3 13 5.376998
3 14 2.276419
3 15 0.172572
3 16 3.163728
3 17 5.332990
3 18 10.576058
3 19 3.645285
3 20 1.131335
3 21 3.412338
3 22 0.117682
3 23 0.118990
3 24 14.943755
3 25 7.364305
3 26 14.511917
3 27 4.670545
3 28 6.884934
3 29 3.428219
3 30 3.062891
3 31 2.894065
3 32 2.916437
3 33 10.225942
3 34 5.098305
3 35 2.960298
3 36 2.973271
3 37 2.455752
3 38 3.881449
3 39 0.360231
3 40 8.235438
3 41 8.361131
3 42 3.562813
3 43 4.293652
3 44 2.402563
3 45 0.622344
3 46 18.054007
3 47 0.626519
3 48 10.054218
3 49 5.833490
4 0 1.573619
4 1 13.981018
4 2 7.838056
4 3 0.940634
4 4 7.796407
4 5 3.666298
4 6 13.326655
4 7 4.639807
4 8 1.691941
4 9 7.543331
4 10 7.466630
4 11 14.813444
4 12 1.850967
4 13 5.362675
4 14 7.663842
4 15 5.683385
4 16 0.000000
4 17 5.592682
4 18 0.103650
4 19 0.726354
4 20 13.518399
4 21 0.144317
4 22 12.209244
4 23 3.788149
4 24 3.149215
4 25 9.294547
4 26 14.192462
4 27 2.598926
4 28 0.184244
4 29 10.406368
4 30 10.102200
4 31 0.194090
4 32 11.654967
4 33 19.766541
4 34 0.270932
4 35 2.757043
4 36 5.041475
4 37 0.569007
4 38 4.370247
4 39 1.332163
4 40 10.412980
4 41 7.179634
4 42 0.000000
4 43 0.600919
4 44 4.348796
4 45 8.422100
4 46 1.001896
4 47 4.249474
4 48 21.967776
4 49 1.785644
5 0 0.311322
5 1 1.781936
5 2 1.786101
5 3 3.390746
5 4 8.808889
5 5 0.756433
5 6 14.998671
5 7 3.797070
5 8 3.634992
5 9 1.125353
5 10 6.163923
5 11 8.459800
5 12 6.798437
5 13 5.282514
5 14 3.560345
5 15 16.331856
5 16 1.145931
5 17 1.034167
5 18 10.635899
5 19 0.924987
5 20 0.983906
5 21 2.960372
5 22 6.963680
5 23 0.068050
5 24 3.078561
5 25 1.975854
5 26 0.201753
5 27 11.356115
5 28 0.453870
5 29 4.356733
5 30 2.794434
5 31 3.090201
5 32 14.418977
5 33 8.130475
5 34 1.309498
5 35 6.691364
5 36 6.389263
5 37 14.775978
5 38 17.574988
5 39 12.662213
5 40 8.074992
5 41 7.357900
5 42 4.428705
5 43 0.000000
5 44 21.279976
5 45 2.771767
5 46 8.275999
5 47 4.885609
5 48 5.352766
5 49 18.380575
6 0 14.995359
6 1 0.970398
6 2 6.519634
6 3 1.866132
6 4 1.979682
6 5 0.503916
6 6 3.149558
6 7 1.709475
6 8 13.467381
6 9 1.566113
6 10 5.032804
6 11 5.367860
6 12 5.922645
6 13 8.178154
6 14 23.418372
6 15 0.401619
6 16 14.890341
6 17 6.865116
6 18 6.937646
6 19 10.363265
6 20 19.744031
6 21 16.201196
6 22 1.237037
6 23 5.951180
6 24 4.898403
6 25 13.539651
6 26 8.923634
6 27 4.203369
6 28 12.985100
6 29 2.178087
6 30 17.485413
6 31 3.280422
6 32 0.501986
6 33 1.118561
6 34 14.290354
6 35 26.492250
6 36 12.246688
6 37 6.585272
6 38 5.581366
6 39 0.039132
6 40 1.852229
6 41 6.311984
6 42 10.975276
6 43 6.031661
6 44 2.666888
6 45 2.351759
6 46 1.505996
6 47 0.735860
6 48 6.854138
6 49 15.050685
7 0 6.022672
7 1 3.047688
7 2 6.248480
7 3 1.394116
7 4 0.381743
7 5 10.497003
7 6 12.579508
7 7 2.306475
7 8 5.545701
7 9 0.525387
7 10 14.548391
7 11 0.768229
7 12 5.700993
7 13 10.385453
7 14 16.096104
7 15 0.248933
7 16 22.396200
7 17 10.946124
7 18 22.678491
7 19 5.195305
7 20 4.421055
7 21 0.288920
7 22 6.528516
7 23 2.593372
7 24 1.987095
7 25 0.472578
7 26 8.845863
7 27 3.771448
7 28 10.341755
7 29 22.576973
7 30 3.442679
7 31 6.157462
7 32 3.431674
7 33 3.336688
7 34 0.000000
7 35 7.339912
7 36 16.700761
7 37 0.000000
7 38 10.286733
7 39 0.011923
7 40 6.529185
7 41 0.984278
7 42 1.195719
7 43 17.820553
7 44 6.712537
7 45 8.871001
7 46 7.773231
7 47 4.013330
7 48 7.769700
7 49 2.566603
8 0 0.108562
8 1 11.360327
8 2 2.388878
8 3 0.532205
8 4 20.905543
8 5 7.320779
8 6 0.000000
8 7 6.334775
8 8 7.945254
8 9 23.468411
8 10 11.009350
8 11 4.751616
8 12 0.450637
8 13 3.543469
8 14 23.349753
8 15 8.877469
8 16 1.650588
8 17 4.227413
8 18 14.038945
8 19 0.849655
8 20 10.673134
8 21 7.414778
8 22 14.413151
8 23 9.745079
8 24 9.115567
8 25 11.784772
8 26 7.819949
8 27 14.602614
8 28 0.472570
8 29 1.639166
8 30 10.386091
8 31 3.715934
8 32 7.615354
8 33 7.609819
8 34 3.642869
8 35 6.697411
8 36 0.000000
8 37 18.251118
8 38 0.273090
8 39 4.282924
8 40 1.389824
8 41 2.443915
8 42 0.194010
8 43 19.573808
8 44 0.000000
8 45 19.901209
8 46 4.090902
8 47 9.586588
8 48 6.245092
8 49 18.313306
9 0 8.377526
9 1 5.673257
9 2 4.743234
9 3 3.051194
9 4 0.908028
9 5 3.266576
9 6 10.451130
9 7 22.145023
9 8 2.896445
9 9 22.719600
9 10 1.109088
9 11 0.078230
9 12 0.543232
9 13 1.718147
9 14 10.432155
9 15 4.147859
9 16 3.254234
9 17 6.716890
9 18 1.817535
9 19 0.000000
9 20 0.240101
9 21 9.860871
9 22 1.791730
9 23 1.440456
9 24 7.355765
9 25 0.054557
9 26 4.925852
9 27 26.955490
9 28 6.672330
9 29 9.819487
9 30 1.019792
9 31 10.196985
9 32 0.229432
9 33 5.788968
9 34 0.975953
9 35 17.356821
9 36 5.486706
9 37 1.947192
9 38 0.390283
9 39 8.100124
9 40 19.225293
9 41 6.779240
9 42 7.877085
9 43 8.072419
9 44 7.830227
9 45 9.265476
9 46 12.363358
9 47 2.861023
9 48 2.542338
9 49 21.788229
10 0 23.924361
10 1 3.726682
10 2 3.983829
10 3 5.678959
10 4 0.456692
10 5 0.698030
10 6 9.779330
10 7 1.624456
10 8 3.655869
10 9 0.200126
10 10 8.150047
10 11 6.677529
10 12 2.100479
10 13 2.857416
10 14 12.367697
10 15 18.084280
10 16 7.010127
10 17 0.034877
10 18 3.744594
10 19 1.187982
10 20 4.149469
10 21 11.001483
10 22 2.923091
10 23 0.352938
10 24 21.039144
10 25 5.766702
10 26 3.186032
10 27 11.751321
10 28 0.389657
10 29 0.718761
10 30 1.870920
10 31 2.042734
10 32 5.872434
10 33 20.143331
10 34 24.840420
10 35 2.606511
10 36 1.809405
10 37 10.062347
10 38 0.607136
10 39 13.264289
10 40 16.102856
10 41 0.035510
10 42 18.056175
10 43 2.750607
10 44 18.692848
10 45 1.344258
10 46 0.543031
10 47 2.497923
10 48 1.661690
10 49 0.138675
11 0 9.806695
11 1 3.057956
11 2 0.652246
11 3 3.363451
11 4 4.282263
11 5 11.987778
11 6 0.078706
11 7 11.921464
11 8 14.271208
11 9 17.305827
11 10 8.963132
11 11 26.843090
11 12 0.000000
11 13 2.933293
11 14 0.105948
11 15 2.237057
11 16 5.294650
11 17 1.124099
11 18 15.113399
11 19 5.299695
11 20 5.364301
11 21 8.607375
11 22 6.912751
11 23 1.509026
11 24 8.833314
11 25 2.658413
11 26 6.324623
11 27 8.161237
11 28 3.079929
11 29 2.666343
11 30 2.748636
11 31 0.338091
11 32 2.792945
11 33 1.802504
11 34 11.028405
11 35 0.203883
11 36 1.725105
11 37 5.881811
11 38 2.123257
11 39 23.200950
11 40 0.862548
11 41 19.987467
11 42 0.911302
11 43 9.671249
11 44 18.987935
11 45 18.587751
11 46 0.560822
11 47 8.979033
11 48 4.343916
11 49 4.081046
12 0 5.265432
12 1 8.388644
12 2 12.907072
12 3 4.642291
12 4 0.491962
12 5 3.991999
12 6 3.080517
12 7 2.247426
12 8 4.506398
12 9 5.461709
12 10 3.316866
12 11 7.173632
12 12 3.196329
12 13 0.306160
12 14 8.908529
12 15 19.289062
12 16 21.100933
12 17 14.523610
12 18 11.129599
12 19 1.939845
12 20 1.252254
12 21 0.000000
12 22 11.557246
12 23 0.151591
12 24 10.126614
12 25 0.000000
12 26 2.281075
12 27 1.864927
12 28 0.564795
12 29 13.465430
12 30 15.213768
12 31 20.539089
12 32 5.398055
12 33 7.583471
12 34 7.215618
12 35 9.108117
12 36 8.548588
12 37 0.413484
12 38 0.056926
12 39 1.319194
12 40 3.692596
12 41 5.450282
12 42 5.996466
12 43 12.255880
12 44 6.043157
12 45 9.509785
12 46 3.695591
12 47 0.000000
12 48 25.207594
12 49 10.264388
13 0 18.008624
13 1 1.032094
13 2 2.864905
13 3 2.545756
13 4 8.495790
13 5 9.316077
13 6 2.977998
13 7 5.744255
13 8 9.121517
13 9 5.804402
13 10 8.015882
13 11 11.021559
13 12 22.306479
13 13 18.259078
13 14 1.088879
13 15 12.770520
13 16 17.872433
13 17 9.741644
13 18 1.446799
13 19 18.114984
13 20 6.987511
13 21 10.830286
13 22 15.601203
13 23 0.735764
13 24 15.376330
13 25 5.965296
13 26 0.498480
13 27 13.314008
13 28 0.361246
13 29 15.510210
13 30 19.025041
13 31 15.060824
13 32 0.150567
13 33 0.935653
13 34 4.790131
13 35 6.142141
13 36 0.028672
13 37 10.938831
13 38 2.315587
13 39 1.525637
13 40 19.929027
13 41 0.476806
13 42 0.101731
13 43 4.423518
13 44 8.172657
13 45 12.646909
13 46 1.406963
13 47 5.785446
13 48 6.663786
13 49 1.583088
14 0 4.773917
14 1 5.344206
14 2 8.496190
14 3 20.144096
14 4 10.143462
14 5 5.701215
14 6 0.000000
14 7 1.780016
14 8 3.828623
14 9 0.025891
14 10 14.054438
14 11 2.716184
14 12 6.980864
14 13 16.635730
14 14 0.000000
14 15 4.452373
14 16 15.269330
14 17 6.744259
14 18 0.987843
14 19 8.636286
14 20 0.590122
14 21 10.782574
14 22 5.158362
14 23 4.857564
14 24 1.883388
14 25 2.873715
14 26 1.670234
14 27 7.033945
14 28 1.796750
14 29 5.037792
14 30 16.729195
14 31 0.438677
14 32 16.019406
14 33 25.273550
14 34 11.027618
14 35 4.130743
14 36 5.382759
14 37 14.660050
14 38 0.694188
14 39 2.320328
14 40 21.027101
14 41 15.276551
14 42 9.740302
14 43 11.588526
14 44 3.663262
14 45 1.832962
14 46 0.194973
14 47 14.603859
14 48 6.406103
14 49 19.449555
15 0 3.019231
15 1 1.994659
15 2 5.160636
15 3 3.081229
15 4 0.178089
15 5 16.038911
15 6 7.332224
15 7 1.570104
15 8 1.187705
15 9 0.000000
15 10 12.311466
15 11 14.918213
15 12 1.406412
15 13 0.387450
15 14 22.989593
15 15 7.988592
15 16 1.821513
15 17 2.699744
15 18 11.523571
15 19 4.198608
15 20 9.499133
15 21 8.584168
15 22 0.156939
15 23 13.416747
15 24 6.364112
15 25 8.668364
15 26 26.108725
15 27 3.819035
15 28 16.958612
15 29 12.518224
15 30 2.681908
15 31 1.469626
15 32 1.326589
15 33 1.486933
15 34 0.000000
15 35 0.000000
15 36 10.171334
15 37 0.000000
15 38 20.245996
15 39 13.896873
15 40 4.810653
15 41 17.334270
15 42 2.797832
15 43 22.889910
15 44 1.850952
15 45 7.060643
15 46 17.184394
15 47 3.666579
15 48 3.825197
15 49 9.908054
16 0 14.234165
16 1 0.731720
16 2 11.603368
16 3 11.850310
16 4 13.343759
16 5 16.172859
16 6 7.224254
16 7 11.102672
16 8 7.267072
16 9 2.308668
16 10 5.108482
16 11 10.667791
16 12 22.591128
16 13 20.429246
16 14 0.626256
16 15 3.992256
16 16 13.212258
16 17 0.037910
16 18 1.248477
16 19 8.306964
16 20 15.922694
16 21 13.958078
16 22 2.957379
16 23 4.038664
16 24 3.961595
16 25 22.055909
16 26 11.767183
16 27 3.452849
16 28 1.286208
16 29 3.676497
16 30 9.488874
16 31 5.978014
16 32 2.218335
16 33 8.237915
16 34 7.420152
16 35 3.611010
16 36 0.996345
16 37 12.826307
16 38 2.362271
16 39 7.234999
16 40 1.493969
16 41 11.243985
16 42 17.332136
16 43 1.041397
16 44 3.105683
16 45 0.000000
16 46 25.390020
16 47 4.225152
16 48 5.688363
16 49 7.208768
17 0 14.489965
17 1 6.438108
17 2 16.363153
17 3 15.837866
17 4 0.548451
17 5 9.851168
17 6 7.202302
17 7 4.008567
17 8 21.284425
17 9 1.399969
17 10 4.111998
17 11 17.341100
17 12 2.890855
17 13 14.153004
17 14 9.649247
17 15 1.860838
17 16 0.245871
17 17 1.438131
17 18 9.290887
17 19 4.175057
17 20 5.004490
17 21 10.767823
17 22 0.543897
17 23 12.025319
17 24 3.353998
17 25 19.021606
17 26 17.847811
17 27 0.562124
17 28 6.731293
17 29 4.909771
17 30 7.424291
17 31 4.667559
17 32 23.718029
17 33 15.537079
17 34 7.095586
17 35 0.878079
17 36 7.100273
17 37 3.251388
17 38 3.655880
17 39 4.112268
17 40 1.291172
17 41 0.743789
17 42 5.418690
17 43 4.374404
17 44 2.425831
17 45 2.196695
17 46 11.308593
17 47 1.533931
17 48 10.102382
17 49 0.337242
18 0 0.038609
18 1 16.085957
18 2 7.578687
18 3 8.896058
18 4 24.980925
18 5 9.675800
18 6 10.801362
18 7 4.986979
18 8 7.413074
18 9 11.997538
18 10 0.646551
18 11 0.272448
18 12 13.570370
18 13 2.452397
18 14 6.711005
18 15 1.225105
18 16 28.159927
18 17 7.840442
18 18 10.653386
18 19 22.080047
18 20 14.290613
18 21 23.968222
18 22 2.255543
18 23 7.315328
18 24 25.792829
18 25 4.425788
18 26 0.384101
18 27 13.759634
18 28 26.015071
18 29 16.022671
18 30 14.487178
18 31 4.005080
18 32 4.045469
18 33 2.652408
18 34 3.685206
18 35 7.350684
18 36 8.945526
18 37 2.662978
18 38 0.000000
18 39 9.968864
18 40 10.666837
18 41 1.954226
18 42 7.765376
18 43 0.052491
18 44 4.488385
18 45 12.362499
18 46 15.726414
18 47 9.741111
18 48 5.101554
18 49 0.000000
19 0 15.013971
19 1 0.565512
19 2 5.712778
19 3 8.476628
19 4 1.181119
19 5 25.775430
19 6 3.915080
19 7 16.812034
19 8 5.042881
19 9 4.110409
19 10 2.837399
19 11 1.326644
19 12 3.456361
19 13 5.259429
19 14 6.033311
19 15 14.021530
19 16 19.420474
19 17 8.055113
19 18 0.291526
19 19 0.724198
19 20 18.226593
19 21 0.404930
19 22 0.642879
19 23 0.000000
19 24 4.018681
19 25 6.869837
19 26 7.772279
19 27 10.914461
19 28 6.785445
19 29 19.640584
19 30 9.779887
19 31 3.054902
19 32 0.383816
19 33 3.721216
19 34 7.234373
19 35 0.605389
19 36 8.348592
19 37 12.808472
19 38 9.190795
19 39 7.142275
19 40 5.779502
19 41 5.549809
19 42 3.083619
19 43 1.114628
19 44 1.922696
19 45 2.392441
19 46 2.503100
19 47 1.758070
19 48 1.722267
19 49 0.362849
20 0 4.792963
20 1 0.977329
20 2 16.650738
20 3 6.248102
20 4 0.082229
20 5 0.000000
20 6 6.788669
20 7 1.356302
20 8 1.551508
20 9 15.874830
20 10 6.351654
20 11 1.185845
20 12 0.682670
20 13 11.385238
20 14 1.447291
20 15 12.640916
20 16 14.476122
20 17 0.000000
20 18 4.271655
20 19 2.146913
20 20 13.992400
20 21 17.757741
20 22 8.797058
20 23 1.208336
20 24 16.153669
20 25 15.442377
20 26 2.184735
20 27 5.728897
20 28 3.411446
20 29 3.501351
20 30 7.124474
20 31 6.205188
20 32 18.691855
20 33 3.542573
20 34 14.414184
20 35 20.207300
20 36 0.000000
20 37 9.766642
20 38 8.713519
20 39 0.592825
20 40 16.685801
20 41 1.588407
20 42 0.692269
20 43 4.738773
20 44 9.491698
20 45 15.357014
20 46 1.916380
20 47 5.658477
20 48 17.418331
20 49 13.963269
21 0 3.087885
21 1 3.316809
21 2 12.681202
21 3 7.340009
21 4 3.903349
21 5 11.234800
21 6 1.717729
21 7 4.294914
21 8 11.185769
21 9 7.963614
21 10 5.352878
21 11 0.917310
21 12 1.159201
21 13 2.447767
21 14 16.642647
21 15 3.396752
21 16 4.550804
21 17 3.811999
21 18 6.098956
21 19 7.934464
21 20 14.874386
21 21 7.777713
21 22 3.210525
21 23 12.928871
21 24 5.001604
21 25 1.453040
21 26 9.823323
21 27 1.786948
21 28 5.907562
21 29 11.319411
21 30 0.868290
21 31 6.896940
21 32 0.000000
21 33 20.314773
21 34 7.593945
21 35 6.091472
21 36 3.277691
21 37 15.301434
21 38 13.539482
21 39 8.888532
21 40 25.739539
21 41 6.854193
21 42 8.493548
21 43 1.089958
21 44 2.371380
21 45 4.591020
21 46 0.000000
21 47 14.392238
21 48 17.949366
21 49 2.613426
22 0 21.984092
22 1 7.940467
22 2 13.131172
22 3 0.404715
22 4 4.386213
22 5 17.491875
22 6 8.416570
22 7 4.764953
22 8 17.967057
22 9 5.839628
22 10 3.495159
22 11 1.735738
22 12 5.450781
22 13 15.869900
22 14 5.585678
22 15 2.139242
22 16 5.847559
22 17 8.820383
22 18 7.286143
22 19 14.916062
22 20 9.966299
22 21 0.365562
22 22 12.810863
22 23 1.190045
22 24 3.824021
22 25 1.911018
22 26 1.770839
22 27 8.066575
22 28 8.597648
22 29 6.563902
22 30 0.286433
22 31 0.704356
22 32 0.241543
22 33 1.616308
22 34 5.262622
22 35 4.595183
22 36 23.918913
22 37 5.203515
22 38 7.252407
22 39 5.772639
22 40 0.590381
22 41 8.305596
22 42 0.573066
22 43 9.347325
22 44 20.073407
22 45 6.015565
22 46 3.397029
22 47 1.098124
22 48 0.387201
22 49 4.369141
23 0 11.398822
23 1 1.103672
23 2 19.013838
23 3 1.286462
23 4 20.065653
23 5 8.549142
23 6 0.815216
23 7 13.337626
23 8 16.353705
23 9 6.001994
23 10 1.899233
23 11 3.152178
23 12 13.504464
23 13 4.671217
23 14 0.208232
23 15 7.863100
23 16 11.448502
23 17 3.855065
23 18 13.663347
23 19 25.994846
23 20 3.301367
23 21 6.695565
23 22 7.863212
23 23 18.138707
23 24 17.921010
23 25 10.390033
23 26 3.737889
23 27 5.107961
23 28 4.278575
23 29 7.395798
23 30 6.069458
23 31 0.277729
23 32 1.703701
23 33 10.387127
23 34 4.407516
23 35 7.621672
23 36 1.265926
23 37 1.770744
23 38 1.400806
23 39 9.034491
23 40 3.782485
23 41 18.548467
23 42 4.333390
23 43 0.000000
23 44 6.144708
23 45 0.618210
23 46 3.065429
23 47 2.091596
23 48 3.821799
23 49 21.238855
24 0 1.486047
24 1 14.653412
24 2 21.964788
24 3 19.762472
24 4 1.839578
24 5 13.445482
24 6 1.202469
24 7 1.500832
24 8 8.431697
24 9 12.477345
24 10 21.730653
24 11 0.679180
24 12 28.258782
24 13 7.802618
24 14 2.198809
24 15 8.725292
24 16 20.852069
24 17 7.306099
24 18 0.762797
24 19 0.563101
24 20 14.017142
24 21 9.326915
24 22 20.048594
24 23 0.000000
24 24 3.548768
24 25 2.035898
24 26 1.991430
24 27 5.913402
24 28 12.020655
24 29 9.235105
24 30 9.675628
24 31 13.791886
24 32 2.875160
24 33 10.072242
24 34 3.705687
24 35 1.928773
24 36 3.677329
24 37 18.577422
24 38 0.253572
24 39 22.420144
24 40 2.709486
24 41 6.930328
24 42 8.470009
24 43 10.429775
24 44 16.031615
24 45 19.496074
24 46 9.392548
24 47 21.039591
24 48 6.474360
24 49 6.933322
25 0 0.491776
25 1 15.194177
25 2 0.030802
25 3 19.257460
25 4 3.281016
25 5 4.568409
25 6 0.810119
25 7 1.493361
25 8 0.720798
25 9 20.811535
25 10 15.172393
25 11 6.206192
25 12 0.316031
25 13 1.340025
25 14 4.864823
25 15 7.127497
25 16 5.385162
25 17 1.951668
25 18 1.491022
25 19 0.657269
25 20 20.998893
25 21 1.317728
25 22 19.800227
25 23 11.671935
25 24 10.499568
25 25 8.024568
25 26 0.333865
25 27 5.945831
25 28 1.997974
25 29 0.000000
25 30 15.967382
25 31 15.357615
25 32 1.572506
25 33 5.301356
25 34 3.960035
25 35 11.747273
25 36 19.015137
25 37 7.266221
25 38 0.786161
25 39 12.980140
25 40 17.060278
25 41 0.187122
25 42 7.571902
25 43 2.516419
25 44 5.705096
25 45 0.913596
25 46 1.226097
25 47 10.344693
25 48 18.074246
25 49 6.039549
26 0 7.518784
26 1 10.325719
26 2 2.220173
26 3 1.003651
26 4 16.520389
26 5 3.446978
26 6 14.921506
26 7 4.088572
26 8 5.172591
26 9 20.050678
26 10 0.248670
26 11 4.622001
26 12 0.130886
26 13 4.983320
26 14 5.742286
26 15 2.373369
26 16 2.691226
26 17 5.761921
26 18 18.994976
26 19 1.559510
26 20 1.901166
26 21 19.531202
26 22 14.854813
26 23 4.700390
26 24 7.680824
26 25 9.806976
26 26 7.151026
26 27 14.856287
26 28 2.556573
26 29 21.192152
26 30 0.000000
26 31 0.531199
26 32 9.735705
26 33 11.345435
26 34 15.855554
26 35 0.749453
26 36 14.646711
26 37 5.981765
26 38 0.000000
26 39 6.417866
26 40 21.404646
26 41 1.879713
26 42 18.534744
26 43 9.572965
26 44 4.681305
26 45 11.986144
26 46 0.000000
26 47 16.604367
26 48 9.854800
26 49 16.288979
27 0 8.464985
27 1 0.155496
27 2 6.928018
27 3 7.283082
27 4 8.347779
27 5 12.173818
27 6 17.744463
27 7 18.267761
27 8 4.572025
27 9 13.069519
27 10 22.894949
27 11 6.304382
27 12 10.596182
27 13 6.924838
27 14 2.702337
27 15 8.994909
27 16 0.189715
27 17 0.000000
27 18 2.658704
27 19 6.106451
27 20 4.578017
27 21 12.633859
27 22 3.981521
27 23 22.228343
27 24 1.404151
27 25 28.697404
27 26 18.139252
27 27 2.472599
27 28 2.062440
27 29 8.892394
27 30 3.370938
27 31 0.825765
27 32 1.198474
27 33 1.808971
27 34 5.854194
27 35 26.597816
27 36 1.587825
27 37 9.428640
27 38 15.114546
27 39 18.646827
27 40 8.086052
27 41 10.503099
27 42 0.000000
27 43 7.200235
27 44 7.987817
27 45 14.470039
27 46 15.521363
27 47 1.967540
27 48 16.786168
27 49 2.044183
28 0 10.314693
28 1 19.549577
28 2 3.666562
28 3 0.000000
28 4 5.353630
28 5 9.487946
28 6 3.653451
28 7 5.135476
28 8 2.724363
28 9 17.383672
28 10 10.031976
28 11 26.919402
28 12 0.746979
28 13 6.797290
28 14 9.047216
28 15 0.000000
28 16 4.142396
28 17 2.851330
28 18 12.739242
28 19 9.176012
28 20 1.348405
28 21 6.606256
28 22 0.487811
28 23 1.107072
28 24 9.379026
28 25 10.566279
28 26 1.357277
28 27 19.023012
28 28 1.099710
28 29 13.027083
28 30 7.262279
28 31 0.368237
28 32 1.052627
28 33 1.506015
28 34 16.789316
28 35 12.657263
28 36 1.518034
28 37 9.278863
28 38 4.911451
28 39 6.055175
28 40 8.268569
28 41 20.486191
28 42 9.543987
28 43 2.572104
28 44 10.205429
28 45 18.241018
28 46 1.270785
28 47 6.930683
28 48 8.099106
28 49 1.810433
29 0 15.638595
29 1 0.612138
29 2 0.440414
29 3 4.286965
29 4 0.740991
29 5 13.831203
29 6 15.716691
29 7 2.461106
29 8 8.510979
29 9 5.953867
29 10 4.849638
29 11 0.000000
29 12 9.924056
29 13 6.729125
29 14 6.239159
29 15 2.241769
29 16 2.737469
29 17 7.853563
29 18 5.795359
29 19 5.710504
29 20 3.307147
29 21 0.139971
29 22 8.903029
29 23 18.891474
29 24 1.956506
29 25 10.155157
29 26 11.562601
29 27 11.412647
29 28 2.247744
29 29 15.154725
29 30 9.644023
29 31 1.250007
29 32 4.547147
29 33 16.616990
29 34 0.000000
29 35 7.487319
29 36 11.816286
29 37 0.000000
29 38 5.372583
29 39 0.039780
29 40 13.459356
29 41 0.550782
29 42 1.401457
29 43 1.596017
29 44 9.737422
29 45 15.172649
29 46 0.000000
29 47 1.914830
29 48 3.493503
29 49 9.566323
30 0 8.503727
30 1 5.378571
30 2 0.516240
30 3 0.000000
30 4 0.570633
30 5 0.106618
30 6 11.975775
30 7 4.481166
30 8 2.099150
30 9 13.405804
30 10 3.727280
30 11 8.695644
30 12 7.240614
30 13 2.803672
30 14 2.463733
30 15 12.495372
30 16 24.650534
30 17 16.603505
30 18 13.345212
30 19 1.927060
30 20 6.908820
30 21 7.219875
30 22 2.388998
30 23 4.857937
30 24 16.579074
30 25 1.950024
30 26 9.498699
30 27 16.860286
30 28 4.106379
30 29 4.193906
30 30 15.009743
30 31 18.629550
30 32 1.190116
30 33 3.543015
30 34 4.289235
30 35 23.706186
30 36 15.579141
30 37 18.913656
30 38 6.790760
30 39 3.862639
30 40 17.757619
30 41 10.518746
30 42 14.120770
30 43 1.351453
30 44 11.761904
30 45 1.641224
30 46 3.352398
30 47 0.000000
30 48 14.847548
30 49 18.461347
31 0 2.977026
31 1 5.135868
31 2 13.673509
31 3 8.545321
31 4 11.623814
31 5 15.274299
31 6 21.076061
31 7 0.707644
31 8 13.212282
31 9 10.345572
31 10 7.178520
31 11 13.174887
31 12 18.159432
31 13 13.172095
31 14 5.849790
31 15 9.061354
31 16 18.897519
31 17 1.930912
31 18 10.456533
31 19 2.945301
31 20 0.000000
31 21 19.646759
31 22 3.957390
31 23 6.703808
31 24 9.984164
31 25 0.863520
31 26 1.948072
31 27 1.125229
31 28 0.171574
31 29 15.274519
31 30 20.936910
31 31 0.568763
31 32 10.681791
31 33 15.575254
31 34 12.322017
31 35 17.280495
31 36 24.239932
31 37 26.419322
31 38 7.606950
31 39 10.187214
31 40 11.080525
31 41 0.505539
31 42 3.307478
31 43 5.338966
31 44 6.700549
31 45 5.775953
31 46 2.580466
31 47 1.010004
31 48 0.964763
31 49 8.493397
32 0 7.618246
32 1 4.831894
32 2 24.223013
32 3 0.563617
32 4 11.271426
32 5 16.488191
32 6 2.539052
32 7 0.363401
32 8 27.418685
32 9 8.310280
32 10 14.685619
32 11 2.322843
32 12 11.947649
32 13 0.320369
32 14 12.133507
32 15 0.666337
32 16 26.722416
32 17 4.870571
32 18 0.223945
32 19 15.432405
32 20 2.144433
32 21 7.407832
32 22 3.577781
32 23 2.051545
32 24 2.783862
32 25 8.608435
32 26 12.604666
32 27 18.371112
32 28 8.857090
32 29 20.620735
32 30 19.162761
32 31 6.512615
32 32 18.426091
32 33 16.980569
32 34 4.990126
32 35 1.682652
32 36 0.753730
32 37 0.269903
32 38 14.936632
32 39 3.562732
32 40 1.869366
32 41 6.591060
32 42 2.210060
32 43 14.071132
32 44 4.210760
32 45 2.820379
32 46 15.961385
32 47 3.191679
32 48 5.268146
32 49 5.908714
33 0 1.104757
33 1 0.443218
33 2 16.170944
33 3 6.212996
33 4 0.702577
33 5 1.788048
33 6 13.644318
33 7 11.630704
33 8 15.992640
33 9 0.000000
33 10 0.460855
33 11 0.000000
33 12 0.745525
33 13 5.926084
33 14 11.875047
33 15 2.483825
33 16 16.434647
33 17 0.490344
33 18 17.090804
33 19 0.014038
33 20 21.665510
33 21 2.101223
33 22 2.319652
33 23 7.933996
33 24 0.547866
33 25 2.642068
33 26 9.533543
33 27 2.136638
33 28 3.136486
33 29 3.710156
33 30 11.993437
33 31 8.863311
33 32 4.603313
33 33 5.882943
33 34 9.732876
33 35 3.234778
33 36 4.661604
33 37 1.415061
33 38 10.650741
33 39 0.000000
33 40 5.388747
33 41 3.405006
33 42 13.459671
33 43 14.863499
33 44 5.585498
33 45 0.394312
33 46 19.057287
33 47 10.669272
33 48 0.118626
33 49 0.000000
34 0 1.504669
34 1 2.905840
34 2 2.381243
34 3 10.692722
34 4 9.621401
34 5 20.752619
34 6 0.000000
34 7 5.615386
34 8 15.837616
34 9 8.889742
34 10 0.670134
34 11 5.304972
34 12 1.728653
34 13 10.155147
34 14 5.032891
34 15 1.359637
34 16 2.881016
34 17 5.706527
34 18 6.054143
34 19 0.175854
34 20 6.782564
34 21 8.809087
34 22 5.096445
34 23 0.991857
34 24 22.200467
34 25 11.580054
34 26 0.744139
34 27 20.795327
34 28 5.104694
34 29 11.022221
34 30 17.837216
34 31 16.946598
34 32 5.095127
34 33 1.234991
34 34 16.631178
34 35 17.039366
34 36 3.656864
34 37 1.678477
34 38 10.626499
34 39 7.702505
34 40 3.472368
34 41 3.975251
34 42 2.920337
34 43 1.926830
34 44 14.752269
34 45 2.172327
34 46 2.644425
34 47 0.055438
34 48 6.681547
34 49 3.591507
35 0 6.863159
35 1 2.447011
35 2 0.238361
35 3 4.305858
35 4 14.653451
35 5 4.866586
35 6 10.521420
35 7 2.747249
35 8 17.193941
35 9 6.070874
35 10 10.597393
35 11 1.739683
35 12 10.509507
35 13 3.092040
35 14 0.194008
35 15 8.549376
35 16 5.743107
35 17 3.572093
35 18 3.755121
35 19 11.659394
35 20 2.728181
35 21 8.023967
35 22 21.796045
35 23 15.272318
35 24 1.666702
35 25 7.212794
35 26 3.862866
35 27 8.942807
35 28 2.570187
35 29 5.883139
35 30 3.343874
35 31 9.087603
35 32 0.074644
35 33 0.000000
35 34 0.000000
35 35 0.000000
35 36 4.084056
35 37 21.722404
35 38 0.308708
35 39 15.607290
35 40 7.109889
35 41 7.875453
35 42 2.110004
35 43 2.837658
35 44 8.960478
35 45 0.697452
35 46 16.709246
35 47 2.760673
35 48 10.010623
35 49 5.214032
36 0 4.545349
36 1 8.916403
36 2 0.000000
36 3 9.660628
36 4 16.691487
36 5 1.919698
36 6 18.591262
36 7 17.848684
36 8 18.520195
36 9 0.349063
36 10 2.094197
36 11 0.598776
36 12 0.000000
36 13 7.338671
36 14 4.667419
36 15 6.944550
36 16 1.754762
36 17 5.452057
36 18 8.996844
36 19 1.492378
36 20 16.754715
36 21 21.116495
36 22 15.948640
36 23 6.598287
36 24 21.807520
36 25 11.697741
36 26 10.656770
36 27 0.527483
36 28 10.978789
36 29 28.065806
36 30 18.360064
36 31 9.356468
36 32 11.910687
36 33 1.705824
36 34 13.762207
36 35 1.311152
36 36 3.900704
36 37 6.180096
36 38 11.461877
36 39 0.195601
36 40 3.311163
36 41 10.845636
36 42 8.509853
36 43 1.624204
36 44 2.327988
36 45 6.905365
36 46 0.661569
36 47 2.590290
36 48 1.393805
36 49 8.859576
37 0 2.542615
37 1 0.872709
37 2 7.838578
37 3 17.650277
37 4 28.211632
37 5 11.036960
37 6 6.084526
37 7 15.057382
37 8 13.955451
37 9 0.875116
37 10 4.080439
37 11 1.592154
37 12 0.739772
37 13 1.377487
37 14 16.883568
37 15 5.105369
37 16 0.272784
37 17 4.822739
37 18 20.527566
37 19 24.503659
37 20 8.949621
37 21 0.407135
37 22 7.462016
37 23 16.503966
37 24 16.898330
37 25 1.075120
37 26 19.903798
37 27 2.725248
37 28 1.437343
37 29 14.727462
37 30 6.692422
37 31 1.783712
37 32 0.753636
37 33 1.304194
37 34 1.854089
37 35 16.890922
37 36 10.633029
37 37 19.358210
37 38 1.323514
37 39 8.680733
37 40 3.982188
37 41 0.000000
37 42 11.887320
37 43 4.074148
37 44 20.705854
37 45 12.532898
37 46 5.071921
37 47 19.665476
37 48 3.614622
37 49 9.978172
38 0 7.554733
38 1 8.712709
38 2 1.638030
38 3 0.041395
38 4 25.679200
38 5 1.174165
38 6 25.551661
38 7 7.175485
38 8 0.682513
38 9 12.825780
38 10 2.713309
38 11 1.405605
38 12 11.064029
38 13 3.542896
38 14 8.289502
38 15 0.898997
38 16 1.249446
38 17 0.886937
38 18 10.654866
38 19 15.617172
38 20 0.704920
38 21 6.056378
38 22 0.096520
38 23 3.960221
38 24 11.471019
38 25 6.069509
38 26 9.927482
38 27 2.596925
38 28 0.132806
38 29 1.553661
38 30 4.866787
38 31 16.170358
38 32 0.007971
38 33 2.738539
38 34 9.702564
38 35 10.729132
38 36 4.912750
38 37 26.609355
38 38 2.358647
38 39 2.759513
38 40 6.121372
38 41 12.909898
38 42 13.069206
38 43 19.940230
38 44 2.205452
38 45 13.885323
38 46 0.450276
38 47 3.021754
38 48 2.081045
38 49 9.073785
39 0 6.642430
39 1 0.076049
39 2 17.615844
39 3 0.302987
39 4 17.795506
39 5 23.996106
39 6 0.174949
39 7 10.137773
39 8 13.238877
39 9 6.076930
39 10 10.315647
39 11 6.264182
39 12 6.252334
39 13 3.662975
39 14 6.683924
39 15 9.396698
39 16 1.571078
39 17 3.951509
39 18 2.271105
39 19 24.385181
39 20 4.126932
39 21 5.293193
39 22 22.973617
39 23 2.152371
39 24 25.893435
39 25 20.402908
39 26 2.083016
39 27 1.866732
39 28 1.528362
39 29 9.835485
39 30 0.373578
39 31 9.040012
39 32 0.000000
39 33 1.363715
39 34 5.388394
39 35 20.457707
39 36 3.821433
39 37 9.858644
39 38 18.112808
39 39 4.018096
39 40 2.075162
39 41 5.026284
39 42 1.272670
39 43 3.921467
39 44 8.390252
39 45 3.795487
39 46 11.677704
39 47 6.699627
39 48 0.907871
39 49 1.504590
40 0 1.976372
40 1 2.647930
40 2 2.315874
40 3 5.104894
40 4 4.689875
40 5 0.519938
40 6 15.597163
40 7 23.371275
40 8 24.993501
40 9 0.333884
40 10 7.529461
40 11 5.977455
40 12 1.160527
40 13 6.265328
40 14 18.658445
40 15 4.459341
40 16 17.101920
40 17 9.506301
40 18 8.633791
40 19 13.825303
40 20 7.399859
40 21 5.550508
40 22 7.727798
40 23 5.381892
40 24 12.526210
40 25 1.809791
40 26 15.076408
40 27 0.000000
40 28 1.883506
40 29 11.785897
40 30 8.450937
40 31 5.005867
40 32 6.884815
40 33 15.518028
40 34 1.067922
40 35 10.575876
40 36 4.179230
40 37 1.467074
40 38 27.477468
40 39 0.456764
40 40 12.246474
40 41 12.691165
40 42 1.644383
40 43 12.617817
40 44 0.079691
40 45 18.765582
40 46 1.594187
40 47 0.058488
40 48 26.818573
40 49 7.418160
41 0 6.425617
41 1 0.722112
41 2 22.960967
41 3 9.022210
41 4 1.103064
41 5 0.906768
41 6 10.379333
41 7 13.770233
41 8 10.780531
41 9 11.936792
41 10 1.280213
41 11 13.025648
41 12 9.856964
41 13 11.696959
41 14 0.645181
41 15 21.586482
41 16 2.914705
41 17 5.060128
41 18 11.907075
41 19 4.900420
41 20 12.832319
41 21 5.567163
41 22 6.654804
41 23 9.659852
41 24 10.828197
41 25 9.070909
41 26 17.760360
41 27 1.100328
41 28 1.457442
41 29 10.732521
41 30 0.210393
41 31 2.207455
41 32 16.777525
41 33 5.615563
41 34 6.841530
41 35 10.796112
41 36 0.967446
41 37 18.490312
41 38 13.486467
41 39 13.700693
41 40 4.796597
41 41 16.779313
41 42 1.875543
41 43 4.901592
41 44 2.733585
41 45 2.292624
41 46 10.719205
41 47 1.414024
41 48 1.995326
41 49 14.659817
42 0 3.790525
42 1 8.806308
42 2 10.659175
42 3 2.664724
42 4 16.571510
42 5 18.635142
42 6 17.902491
42 7 3.871300
42 8 4.344212
42 9 6.997544
42 10 24.571169
42 11 0.000000
42 12 9.840311
42 13 0.417266
42 14 3.245646
42 15 1.976013
42 16 22.416588
42 17 18.269071
42 18 3.575793
42 19 4.307535
42 20 0.156801
42 21 9.922469
42 22 9.773763
42 23 8.162050
42 24 15.625133
42 25 1.616152
42 26 4.160609
42 27 13.962534
42 28 0.000000
42 29 0.000000
42 30 7.158351
42 31 0.265635
42 32 0.240893
42 33 5.897553
42 34 4.648056
42 35 5.009093
42 36 0.075546
42 37 4.328433
42 38 14.741276
42 39 1.749953
42 40 1.045322
42 41 7.658782
42 42 8.373329
42 43 19.649190
42 44 12.355040
42 45 0.293825
42 46 0.812669
42 47 19.725060
42 48 1.841106
42 49 3.065741
43 0 2.028591
43 1 2.636517
43 2 15.956969
43 3 19.653827
43 4 11.339717
43 5 12.975561
43 6 0.020643
43 7 2.442225
43 8 0.839269
43 9 14.438373
43 10 15.090912
43 11 1.107301
43 12 1.906678
43 13 16.304050
43 14 2.348677
43 15 3.085362
43 16 13.453656
43 17 1.887993
43 18 6.089199
43 19 1.453091
43 20 6.302469
43 21 16.276693
43 22 0.095621
43 23 3.252076
43 24 6.349171
43 25 4.496084
43 26 9.755488
43 27 14.220825
43 28 3.079118
43 29 2.639639
43 30 13.718242
43 31 6.232526
43 32 2.612295
43 33 17.850099
43 34 15.216820
43 35 9.900767
43 36 14.099716
43 37 19.297002
43 38 13.773890
43 39 0.590307
43 40 1.842183
43 41 12.200469
43 42 15.242767
43 43 14.352355
43 44 1.829525
43 45 13.245353
43 46 0.000000
43 47 4.812366
43 48 0.211618
43 49 1.984939
44 0 20.638187
44 1 7.655931
44 2 19.172346
44 3 17.590263
44 4 0.915810
44 5 26.221349
44 6 10.636783
44 7 1.635240
44 8 1.614278
44 9 0.774589
44 10 18.176109
44 11 3.367904
44 12 14.764093
44 13 23.513713
44 14 1.653250
44 15 17.515226
44 16 8.013522
44 17 14.000428
44 18 7.376068
44 19 3.840477
44 20 13.607905
44 21 3.950844
44 22 4.894030
44 23 7.658558
44 24 2.755917
44 25 17.241874
44 26 2.525074
44 27 13.174814
44 28 2.075618
44 29 23.851205
44 30 4.078317
44 31 0.000000
44 32 9.120098
44 33 7.464319
44 34 15.684901
44 35 0.054034
44 36 4.321343
44 37 1.963628
44 38 7.415203
44 39 4.620383
44 40 21.094190
44 41 27.720522
44 42 1.100621
44 43 11.052458
44 44 8.584576
44 45 22.846016
44 46 2.906845
44 47 0.076252
44 48 0.029502
44 49 6.684633
45 0 18.997099
45 1 8.216607
45 2 5.589624
45 3 13.072718
45 4 2.401114
45 5 0.000000
45 6 0.529497
45 7 23.338216
45 8 11.158915
45 9 5.543402
45 10 12.077880
45 11 0.872874
45 12 21.363114
45 13 10.140765
45 14 2.228233
45 15 3.772281
45 16 10.595808
45 17 3.964298
45 18 8.341855
45 19 3.094685
45 20 3.620492
45 21 23.356848
45 22 6.805128
45 23 3.777966
45 24 14.589203
45 25 3.439731
45 26 21.019416
45 27 5.455267
45 28 13.986861
45 29 1.114987
45 30 4.419021
45 31 15.697549
45 32 0.708631
45 33 14.504183
45 34 2.720941
45 35 0.700797
45 36 15.143026
45 37 1.332653
45 38 3.737973
45 39 6.546597
45 40 10.231947
45 41 2.571370
45 42 13.367928
45 43 0.952126
45 44 2.484776
45 45 26.923399
45 46 1.402968
45 47 1.232950
45 48 4.072679
45 49 7.413307
46 0 6.543339
46 1 24.388906
46 2 9.328403
46 3 1.844197
46 4 3.111131
46 5 0.041154
46 6 1.323046
46 7 17.052814
46 8 11.025424
46 9 15.322826
46 10 3.106903
46 11 0.000000
46 12 10.622825
46 13 16.726244
46 14 1.933717
46 15 6.864646
46 16 7.857709
46 17 18.775528
46 18 1.686203
46 19 4.845249
46 20 8.996671
46 21 22.157969
46 22 2.108796
46 23 25.119312
46 24 17.049472
46 25 11.429652
46 26 5.099685
46 27 0.000000
46 28 2.866594
46 29 3.507751
46 30 2.487621
46 31 0.303780
46 32 19.562752
46 33 2.078423
46 34 2.315140
46 35 11.503184
46 36 12.490676
46 37 17.555815
46 38 2.732330
46 39 12.932183
46 40 1.402704
46 41 0.000000
46 42 0.369789
46 43 13.546563
46 44 4.367798
46 45 17.921201
46 46 7.837809
46 47 20.581988
46 48 11.759936
46 49 0.984088
47 0 9.497628
47 1 0.236050
47 2 4.295614
47 3 2.775056
47 4 7.869122
47 5 3.127848
47 6 18.257331
47 7 1.116076
47 8 11.074800
47 9 0.068223
47 10 4.747158
47 11 2.014632
47 12 1.989966
47 13 3.159127
47 14 0.871152
47 15 6.710532
47 16 13.924984
47 17 8.619794
47 18 0.179176
47 19 2.721155
47 20 10.476313
47 21 15.526678
47 22 6.458105
47 23 11.730648
47 24 4.229831
47 25 11.162540
47 26 0.090590
47 27 3.828738
47 28 0.354582
47 29 1.914077
47 30 14.030787
47 31 17.554949
47 32 19.819664
47 33 1.790934
47 34 0.936175
47 35 13.635665
47 36 15.690852
47 37 0.690594
47 38 5.367117
47 39 9.030625
47 40 4.398819
47 41 8.841690
47 42 21.767499
47 43 5.938658
47 44 0.000000
47 45 15.667863
47 46 13.723956
47 47 13.987250
47 48 0.463145
47 49 17.156562
48 0 2.026725
48 1 3.347561
48 2 2.597108
48 3 3.600749
48 4 6.553605
48 5 17.470957
48 6 1.079659
48 7 0.273718
48 8 0.879444
48 9 12.340171
48 10 4.476187
48 11 9.113866
48 12 5.417368
48 13 17.061187
48 14 1.546415
48 15 0.567687
48 16 15.519246
48 17 1.394015
48 18 7.703647
48 19 1.009791
48 20 0.264782
48 21 4.599301
48 22 1.970757
48 23 5.392736
48 24 1.672601
48 25 5.675287
48 26 5.159908
48 27 0.849126
48 28 2.223399
48 29 3.989654
48 30 2.623804
48 31 4.297223
48 32 0.413367
48 33 2.006848
48 34 0.626467
48 35 4.081033
48 36 7.893423
48 37 8.141836
48 38 1.910458
48 39 13.933048
48 40 1.174604
48 41 8.758846
48 42 0.122842
48 43 4.544286
48 44 0.551727
48 45 1.421686
48 46 1.926399
48 47 9.791410
48 48 5.342367
48 49 10.054839
49 0 7.735252
49 1 10.327807
49 2 0.298953
49 3 1.585865
49 4 0.017539
49 5 0.000000
49 6 1.670054
49 7 4.785205
49 8 0.463981
49 9 0.097056
49 10 20.068849
49 11 4.034041
49 12 17.295335
49 13 5.945075
49 14 2.357710
49 15 11.307535
49 16 4.263571
49 17 20.639660
49 18 4.527949
49 19 5.937145
49 20 1.625439
49 21 1.627119
49 22 5.857640
49 23 0.181201
49 24 25.761201
49 25 8.749851
49 26 2.421006
49 27 5.835772
49 28 9.684748
49 29 12.210112
49 30 2.903003
49 31 3.812672
49 32 11.140675
49 33 16.618747
49 34 6.918663
49 35 2.645713
49 36 18.429530
49 37 17.132973
49 38 10.273337
49 39 2.844123
49 40 2.901557
49 41 14.539213
49 42 2.159321
49 43 4.157182
49 44 3.628308
49 45 26.028548
49 46 3.619886
49 47 5.329126
49 48 25.292856
49 49 0.435587
